[0, 1, 1, 0, 1, 0, 1, 0, 0, 1]
[0, 0, 0, 0, 1, 0, 0, 1, 0, 0]
[0, 0, 0, 0, 0, 0, 0, 0, 0, 0]
[1, 0, 1, 0, 0, 0, 0, 0, 0, 0]
[0, 0, 0, 1, 0, 0, 1, 1, 0, 1]
[0, 0, 0, 0, 1, 0, 0, 0, 0, 1]
[0, 0, 0, 0, 0, 0, 0, 0, 0, 0]
[0, 0, 0, 0, 0, 0, 0, 0, 0, 0]
[0, 0, 0, 1, 0, 0, 0, 0, 0, 0]
[1, 1, 0, 0, 1, 0, 0, 1, 0, 0]

[0, 1, 1, 0, 0]
[0, 0, 0, 0, 0]
[0, 0, 0, 0, 0]
[0, 0, 0, 0, 1]
[0, 0, 0, 0, 0]

[0, 0, 0, 0, 1]
[0, 0, 1, 0, 1]
[0, 0, 1, 0, 1]
[0, 0, 1, 0, 0]
[0, 1, 1, 0, 0]

[0, 0, 0, 1, 0]
[0, 0, 0, 0, 1]
[0, 1, 1, 0, 0]
[0, 1, 1, 1, 0]
[1, 0, 0, 1, 0]


Agent 4 can't find a path with these solvable grids.
[0, 1, 0, 0, 1, 1, 0, 0, 1, 0]
[0, 0, 0, 0, 0, 0, 1, 0, 0, 0]
[0, 0, 1, 0, 0, 0, 0, 1, 0, 1]
[0, 0, 0, 0, 1, 0, 1, 1, 1, 0]
[0, 1, 0, 1, 0, 0, 0, 0, 1, 1]
[1, 1, 0, 0, 0, 1, 1, 0, 0, 0]
[1, 0, 0, 1, 0, 0, 0, 0, 0, 0]
[0, 1, 0, 0, 1, 0, 0, 1, 0, 0]
[0, 0, 1, 0, 0, 0, 0, 1, 0, 0]
[0, 1, 0, 0, 1, 0, 0, 1, 1, 0]

[0, 0, 0, 0, 1]
[0, 1, 0, 0, 0]
[1, 0, 1, 0, 0]
[0, 1, 0, 0, 1]
[1, 0, 1, 0, 0]